1 = NORTH, YAW = np.pi, x+=0.5 z+=0.0
2 = EAST, YAW = np.pi / 2, x-=1.0, z+=0.5
3 = SOUTH, YAW = 0, x+=0.5, z-=1.0
4 = WEST, YAW = -np.pi / 2, x+=0.0, z+=0.5

--Last element represent face orientation--

(-8, -2, 1)
(-8, -2. 2)
(-5, 5, 2)
(-5, 5, 3)
(-5, 5, 4)
(-5, 8, 1)
(-5, 8, 2)
(-5, 8, 3)
(-5, 4, 3)
(-5, 4, 4)
(-5, 4, 1)
(-2, -2, 3)
(-2, -2, 4)
(1, 1, 2)
(1, 1, 3)
(4, -2, 4)
(4, -2, 1)
(8, -5, 2)
(8, -5, 3)
(8, -2, 1)
(8, -2, 2)
(7, 5, 3)
(7, 5, 4)
(7, 5, 1)
(8, 2, 2)
(8, 2, 3)
(5, 8, 4)
(5, 8, 1)
(1, 11, 4)
(1, 11, 1)






